"BROKEN","EPIC","FAILED","FEATURE","PASSED","SKIPPED","STORY","UNKNOWN"
"2","Security","0","","0","1","Forgot Password Feature's Functionality","0"
"9","Workspaces","0","","0","0","WorkSpaces Creation and Editing Functionality","0"
"0","","0","","0","9","","0"
"0","","0","Login","0","3","","0"
"3","Security","0","Login","0","1","","0"
"1","Security","0","Login","0","0","As a user I want to be able to logout after a successful login.","0"
